Cut1: 1.49949e+06
Cut2: 1.49949e+06
Cut3: 1.33621e+06
Cut4: 623273
Cut5: 622125
Cut6: 259904
Cut7: 214514
Cut8: 180967
