Cut1: 1.46564e+07
Cut2: 1.46564e+07
Cut3: 1.15337e+07
Cut4: 61833
Cut5: 61516
Cut6: 10804
Cut7: 8557
Cut8: 7180
